IN-GUEZZAM  36.794720000000005  5.87722  -1e+100  2147483647  20240529  060000  291.55
IN-GUEZZAM  36.82222  7.8025  5.0  2147483647  20240529  060000  291.65000000000003
IN-GUEZZAM  36.689930000000004  3.2166200000000003  25.0  2147483647  20240529  060000  291.95
IN-GUEZZAM  36.277800000000006  6.62832  685.0  2147483647  20240529  060000  289.65000000000003
IN-GUEZZAM  36.216350000000006  1.3217  159.0  2147483647  20240529  060000  294.35
IN-GUEZZAM  36.16667  5.31667  1009.0  2147483647  20240529  060000  290.65000000000003
IN-GUEZZAM  35.760830000000006  6.31972  821.0  2147483647  20240529  060000  288.85
IN-GUEZZAM  35.428610000000006  8.11527  814.0  2147483647  20240529  060000  289.85
IN-GUEZZAM  35.63111  -0.6038800000000001  90.0  2147483647  20240529  060000  293.65000000000003
IN-GUEZZAM  35.20666  0.15250000000000002  511.0  2147483647  20240529  060000  289.55
IN-GUEZZAM  35.35542  1.4679200000000001  977.0  2147483647  20240529  060000  290.15000000000003
IN-GUEZZAM  34.800000000000004  5.7333300000000005  88.0  2147483647  20240529  060000  301.55
IN-GUEZZAM  35.01888  -1.4447200000000002  246.0  2147483647  20240529  060000  -1e+100
IN-GUEZZAM  33.719660000000005  1.09484  1361.0  2147483647  20240529  060000  291.65000000000003
IN-GUEZZAM  33.07011  6.09208  87.0  2147483647  20240529  060000  300.85
IN-GUEZZAM  33.50618  6.788410000000001  63.0  2147483647  20240529  060000  298.55
IN-GUEZZAM  32.934160000000006  3.3033300000000003  765.0  2147483647  20240529  060000  297.05
IN-GUEZZAM  32.38638  3.7836100000000004  466.0  2147483647  20240529  060000  301.45
IN-GUEZZAM  31.654280000000004  -2.2523600000000004  809.0  2147483647  20240529  060000  296.85
IN-GUEZZAM  31.936410000000002  5.41178  144.0  2147483647  20240529  060000  299.05
IN-GUEZZAM  31.658610000000003  6.141380000000001  140.0  2147483647  20240529  060000  300.65000000000003
IN-GUEZZAM  29.071610000000003  2.2081500000000003  463.0  2147483647  20240529  060000  300.45
IN-GUEZZAM  30.572460000000003  2.86803  397.0  2147483647  20240529  060000  296.25
IN-GUEZZAM  29.244120000000002  0.28385000000000005  312.0  2147483647  20240529  060000  298.95
IN-GUEZZAM  28.052940000000003  9.63959  560.0  2147483647  20240529  060000  295.75
IN-GUEZZAM  27.837180000000004  -0.19364  -1e+100  2147483647  20240529  060000  300.55
IN-GUEZZAM  27.253700000000002  2.5116400000000003  268.0  2147483647  20240529  060000  304.05
IN-GUEZZAM  28.436790000000002  7.551480000000001  -1e+100  2147483647  20240529  060000  299.65000000000003
IN-GUEZZAM  26.719160000000002  8.617220000000001  542.0  2147483647  20240529  060000  301.35
IN-GUEZZAM  27.704100000000004  -8.1692  443.0  2147483647  20240529  060000  292.95
IN-GUEZZAM  24.288230000000002  9.46766  968.0  2147483647  20240529  060000  301.95
IN-GUEZZAM  22.825300000000002  5.4525500000000005  1377.0  2147483647  20240529  060000  295.35
IN-GUEZZAM  21.37609  0.93205  395.0  2147483647  20240529  060000  302.85
IN-GUEZZAM  19.56388  5.74887  401.0  2147483647  20240529  060000  304.95
IN-GUEZZAM  36.794720000000005  5.87722  -1e+100  2147483647  20240529  060000  291.55
IN-GUEZZAM  36.82222  7.8025  5.0  2147483647  20240529  060000  291.65000000000003
IN-GUEZZAM  36.689930000000004  3.2166200000000003  25.0  2147483647  20240529  060000  291.95
IN-GUEZZAM  36.277800000000006  6.62832  685.0  2147483647  20240529  060000  289.65000000000003
IN-GUEZZAM  36.216350000000006  1.3217  159.0  2147483647  20240529  060000  294.35
IN-GUEZZAM  36.16667  5.31667  1009.0  2147483647  20240529  060000  290.65000000000003
IN-GUEZZAM  35.760830000000006  6.31972  821.0  2147483647  20240529  060000  288.85
IN-GUEZZAM  35.428610000000006  8.11527  814.0  2147483647  20240529  060000  289.85
IN-GUEZZAM  35.63111  -0.6038800000000001  90.0  2147483647  20240529  060000  293.65000000000003
IN-GUEZZAM  35.20666  0.15250000000000002  511.0  2147483647  20240529  060000  289.55
IN-GUEZZAM  35.35542  1.4679200000000001  977.0  2147483647  20240529  060000  290.15000000000003
IN-GUEZZAM  34.800000000000004  5.7333300000000005  88.0  2147483647  20240529  060000  301.55
IN-GUEZZAM  35.01888  -1.4447200000000002  246.0  2147483647  20240529  060000  -1e+100
IN-GUEZZAM  33.719660000000005  1.09484  1361.0  2147483647  20240529  060000  291.65000000000003
IN-GUEZZAM  33.07011  6.09208  87.0  2147483647  20240529  060000  300.85
IN-GUEZZAM  33.50618  6.788410000000001  63.0  2147483647  20240529  060000  298.55
IN-GUEZZAM  32.934160000000006  3.3033300000000003  765.0  2147483647  20240529  060000  297.05
IN-GUEZZAM  32.38638  3.7836100000000004  466.0  2147483647  20240529  060000  301.45
IN-GUEZZAM  31.654280000000004  -2.2523600000000004  809.0  2147483647  20240529  060000  296.85
IN-GUEZZAM  31.936410000000002  5.41178  144.0  2147483647  20240529  060000  299.05
IN-GUEZZAM  31.658610000000003  6.141380000000001  140.0  2147483647  20240529  060000  300.65000000000003
IN-GUEZZAM  29.071610000000003  2.2081500000000003  463.0  2147483647  20240529  060000  300.45
IN-GUEZZAM  30.572460000000003  2.86803  397.0  2147483647  20240529  060000  296.25
IN-GUEZZAM  29.244120000000002  0.28385000000000005  312.0  2147483647  20240529  060000  298.95
IN-GUEZZAM  28.052940000000003  9.63959  560.0  2147483647  20240529  060000  295.75
IN-GUEZZAM  27.837180000000004  -0.19364  -1e+100  2147483647  20240529  060000  300.55
IN-GUEZZAM  27.253700000000002  2.5116400000000003  268.0  2147483647  20240529  060000  304.05
IN-GUEZZAM  28.436790000000002  7.551480000000001  -1e+100  2147483647  20240529  060000  299.65000000000003
IN-GUEZZAM  26.719160000000002  8.617220000000001  542.0  2147483647  20240529  060000  301.35
IN-GUEZZAM  27.704100000000004  -8.1692  443.0  2147483647  20240529  060000  292.95
IN-GUEZZAM  24.288230000000002  9.46766  968.0  2147483647  20240529  060000  301.95
IN-GUEZZAM  22.825300000000002  5.4525500000000005  1377.0  2147483647  20240529  060000  295.35
IN-GUEZZAM  21.37609  0.93205  395.0  2147483647  20240529  060000  302.85
IN-GUEZZAM  19.56388  5.74887  401.0  2147483647  20240529  060000  304.95
DAX  43.68983  -1.07  31.0  0  20240529  060000  286.15000000000003
ALISTRO  42.63317000000001  8.92267  142.0  0  20240529  060000  291.95
ALISTRO  42.516670000000005  3.1350000000000002  82.0  0  20240529  060000  0.0
ALISTRO  42.25967000000001  9.541500000000001  65.0  0  20240529  060000  292.95
AVIGNON  43.91133000000001  4.902500000000001  34.0  0  20240529  060000  290.25
SOCOA  43.3945  -1.6865  21.0  0  20240529  060000  286.45
CHASSIRON  46.04683000000001  -1.4116700000000002  11.0  0  20240529  060000  288.85
IN-GUEZZAM  36.794720000000005  5.87722  -1e+100  2147483647  20240529  060000  291.55
IN-GUEZZAM  36.82222  7.8025  5.0  2147483647  20240529  060000  291.65000000000003
IN-GUEZZAM  36.689930000000004  3.2166200000000003  25.0  2147483647  20240529  060000  291.95
IN-GUEZZAM  36.277800000000006  6.62832  685.0  2147483647  20240529  060000  289.65000000000003
IN-GUEZZAM  36.216350000000006  1.3217  159.0  2147483647  20240529  060000  294.35
IN-GUEZZAM  36.16667  5.31667  1009.0  2147483647  20240529  060000  290.65000000000003
IN-GUEZZAM  35.760830000000006  6.31972  821.0  2147483647  20240529  060000  288.85
IN-GUEZZAM  35.428610000000006  8.11527  814.0  2147483647  20240529  060000  289.85
IN-GUEZZAM  35.63111  -0.6038800000000001  90.0  2147483647  20240529  060000  293.65000000000003
IN-GUEZZAM  35.20666  0.15250000000000002  511.0  2147483647  20240529  060000  289.55
IN-GUEZZAM  35.35542  1.4679200000000001  977.0  2147483647  20240529  060000  290.15000000000003
IN-GUEZZAM  34.800000000000004  5.7333300000000005  88.0  2147483647  20240529  060000  301.55
IN-GUEZZAM  35.01888  -1.4447200000000002  246.0  2147483647  20240529  060000  -1e+100
IN-GUEZZAM  33.719660000000005  1.09484  1361.0  2147483647  20240529  060000  291.65000000000003
IN-GUEZZAM  33.07011  6.09208  87.0  2147483647  20240529  060000  300.85
IN-GUEZZAM  33.50618  6.788410000000001  63.0  2147483647  20240529  060000  298.55
IN-GUEZZAM  32.934160000000006  3.3033300000000003  765.0  2147483647  20240529  060000  297.05
IN-GUEZZAM  32.38638  3.7836100000000004  466.0  2147483647  20240529  060000  301.45
IN-GUEZZAM  31.654280000000004  -2.2523600000000004  809.0  2147483647  20240529  060000  296.85
IN-GUEZZAM  31.936410000000002  5.41178  144.0  2147483647  20240529  060000  299.05
IN-GUEZZAM  31.658610000000003  6.141380000000001  140.0  2147483647  20240529  060000  300.65000000000003
IN-GUEZZAM  29.071610000000003  2.2081500000000003  463.0  2147483647  20240529  060000  300.45
IN-GUEZZAM  30.572460000000003  2.86803  397.0  2147483647  20240529  060000  296.25
IN-GUEZZAM  29.244120000000002  0.28385000000000005  312.0  2147483647  20240529  060000  298.95
IN-GUEZZAM  28.052940000000003  9.63959  560.0  2147483647  20240529  060000  295.75
IN-GUEZZAM  27.837180000000004  -0.19364  -1e+100  2147483647  20240529  060000  300.55
IN-GUEZZAM  27.253700000000002  2.5116400000000003  268.0  2147483647  20240529  060000  304.05
IN-GUEZZAM  28.436790000000002  7.551480000000001  -1e+100  2147483647  20240529  060000  299.65000000000003
IN-GUEZZAM  26.719160000000002  8.617220000000001  542.0  2147483647  20240529  060000  301.35
IN-GUEZZAM  27.704100000000004  -8.1692  443.0  2147483647  20240529  060000  292.95
IN-GUEZZAM  24.288230000000002  9.46766  968.0  2147483647  20240529  060000  301.95
IN-GUEZZAM  22.825300000000002  5.4525500000000005  1377.0  2147483647  20240529  060000  295.35
IN-GUEZZAM  21.37609  0.93205  395.0  2147483647  20240529  060000  302.85
IN-GUEZZAM  19.56388  5.74887  401.0  2147483647  20240529  060000  304.95
IN-GUEZZAM  36.794720000000005  5.87722  -1e+100  2147483647  20240529  060000  291.55
IN-GUEZZAM  36.82222  7.8025  5.0  2147483647  20240529  060000  291.65000000000003
IN-GUEZZAM  36.689930000000004  3.2166200000000003  25.0  2147483647  20240529  060000  291.95
IN-GUEZZAM  36.277800000000006  6.62832  685.0  2147483647  20240529  060000  289.65000000000003
IN-GUEZZAM  36.216350000000006  1.3217  159.0  2147483647  20240529  060000  294.35
IN-GUEZZAM  36.16667  5.31667  1009.0  2147483647  20240529  060000  290.65000000000003
IN-GUEZZAM  35.760830000000006  6.31972  821.0  2147483647  20240529  060000  288.85
IN-GUEZZAM  35.428610000000006  8.11527  814.0  2147483647  20240529  060000  289.85
IN-GUEZZAM  35.63111  -0.6038800000000001  90.0  2147483647  20240529  060000  293.65000000000003
IN-GUEZZAM  35.20666  0.15250000000000002  511.0  2147483647  20240529  060000  289.55
IN-GUEZZAM  35.35542  1.4679200000000001  977.0  2147483647  20240529  060000  290.15000000000003
IN-GUEZZAM  34.800000000000004  5.7333300000000005  88.0  2147483647  20240529  060000  301.55
IN-GUEZZAM  35.01888  -1.4447200000000002  246.0  2147483647  20240529  060000  -1e+100
IN-GUEZZAM  33.719660000000005  1.09484  1361.0  2147483647  20240529  060000  291.65000000000003
IN-GUEZZAM  33.07011  6.09208  87.0  2147483647  20240529  060000  300.85
IN-GUEZZAM  33.50618  6.788410000000001  63.0  2147483647  20240529  060000  298.55
IN-GUEZZAM  32.934160000000006  3.3033300000000003  765.0  2147483647  20240529  060000  297.05
IN-GUEZZAM  32.38638  3.7836100000000004  466.0  2147483647  20240529  060000  301.45
IN-GUEZZAM  31.654280000000004  -2.2523600000000004  809.0  2147483647  20240529  060000  296.85
IN-GUEZZAM  31.936410000000002  5.41178  144.0  2147483647  20240529  060000  299.05
IN-GUEZZAM  31.658610000000003  6.141380000000001  140.0  2147483647  20240529  060000  300.65000000000003
IN-GUEZZAM  29.071610000000003  2.2081500000000003  463.0  2147483647  20240529  060000  300.45
IN-GUEZZAM  30.572460000000003  2.86803  397.0  2147483647  20240529  060000  296.25
IN-GUEZZAM  29.244120000000002  0.28385000000000005  312.0  2147483647  20240529  060000  298.95
IN-GUEZZAM  28.052940000000003  9.63959  560.0  2147483647  20240529  060000  295.75
IN-GUEZZAM  27.837180000000004  -0.19364  -1e+100  2147483647  20240529  060000  300.55
IN-GUEZZAM  27.253700000000002  2.5116400000000003  268.0  2147483647  20240529  060000  304.05
IN-GUEZZAM  28.436790000000002  7.551480000000001  -1e+100  2147483647  20240529  060000  299.65000000000003
IN-GUEZZAM  26.719160000000002  8.617220000000001  542.0  2147483647  20240529  060000  301.35
IN-GUEZZAM  27.704100000000004  -8.1692  443.0  2147483647  20240529  060000  292.95
IN-GUEZZAM  24.288230000000002  9.46766  968.0  2147483647  20240529  060000  301.95
IN-GUEZZAM  22.825300000000002  5.4525500000000005  1377.0  2147483647  20240529  060000  295.35
IN-GUEZZAM  21.37609  0.93205  395.0  2147483647  20240529  060000  302.85
IN-GUEZZAM  19.56388  5.74887  401.0  2147483647  20240529  060000  304.95
DAX  43.68983  -1.07  31.0  0  20240529  060000  286.15000000000003
ALISTRO  42.63317000000001  8.92267  142.0  0  20240529  060000  291.95
ALISTRO  42.516670000000005  3.1350000000000002  82.0  0  20240529  060000  0.0
ALISTRO  42.25967000000001  9.541500000000001  65.0  0  20240529  060000  292.95
AVIGNON  43.91133000000001  4.902500000000001  34.0  0  20240529  060000  290.25
SOCOA  43.3945  -1.6865  21.0  0  20240529  060000  286.45
CHASSIRON  46.04683000000001  -1.4116700000000002  11.0  0  20240529  060000  288.85
IN-GUEZZAM  36.794720000000005  5.87722  -1e+100  2147483647  20240529  060000  291.55
IN-GUEZZAM  36.82222  7.8025  5.0  2147483647  20240529  060000  291.65000000000003
IN-GUEZZAM  36.689930000000004  3.2166200000000003  25.0  2147483647  20240529  060000  291.95
IN-GUEZZAM  36.277800000000006  6.62832  685.0  2147483647  20240529  060000  289.65000000000003
IN-GUEZZAM  36.216350000000006  1.3217  159.0  2147483647  20240529  060000  294.35
IN-GUEZZAM  36.16667  5.31667  1009.0  2147483647  20240529  060000  290.65000000000003
IN-GUEZZAM  35.760830000000006  6.31972  821.0  2147483647  20240529  060000  288.85
IN-GUEZZAM  35.428610000000006  8.11527  814.0  2147483647  20240529  060000  289.85
IN-GUEZZAM  35.63111  -0.6038800000000001  90.0  2147483647  20240529  060000  293.65000000000003
IN-GUEZZAM  35.20666  0.15250000000000002  511.0  2147483647  20240529  060000  289.55
IN-GUEZZAM  35.35542  1.4679200000000001  977.0  2147483647  20240529  060000  290.15000000000003
IN-GUEZZAM  34.800000000000004  5.7333300000000005  88.0  2147483647  20240529  060000  301.55
IN-GUEZZAM  35.01888  -1.4447200000000002  246.0  2147483647  20240529  060000  -1e+100
IN-GUEZZAM  33.719660000000005  1.09484  1361.0  2147483647  20240529  060000  291.65000000000003
IN-GUEZZAM  33.07011  6.09208  87.0  2147483647  20240529  060000  300.85
IN-GUEZZAM  33.50618  6.788410000000001  63.0  2147483647  20240529  060000  298.55
IN-GUEZZAM  32.934160000000006  3.3033300000000003  765.0  2147483647  20240529  060000  297.05
IN-GUEZZAM  32.38638  3.7836100000000004  466.0  2147483647  20240529  060000  301.45
IN-GUEZZAM  31.654280000000004  -2.2523600000000004  809.0  2147483647  20240529  060000  296.85
IN-GUEZZAM  31.936410000000002  5.41178  144.0  2147483647  20240529  060000  299.05
IN-GUEZZAM  31.658610000000003  6.141380000000001  140.0  2147483647  20240529  060000  300.65000000000003
IN-GUEZZAM  29.071610000000003  2.2081500000000003  463.0  2147483647  20240529  060000  300.45
IN-GUEZZAM  30.572460000000003  2.86803  397.0  2147483647  20240529  060000  296.25
IN-GUEZZAM  29.244120000000002  0.28385000000000005  312.0  2147483647  20240529  060000  298.95
IN-GUEZZAM  28.052940000000003  9.63959  560.0  2147483647  20240529  060000  295.75
IN-GUEZZAM  27.837180000000004  -0.19364  -1e+100  2147483647  20240529  060000  300.55
IN-GUEZZAM  27.253700000000002  2.5116400000000003  268.0  2147483647  20240529  060000  304.05
IN-GUEZZAM  28.436790000000002  7.551480000000001  -1e+100  2147483647  20240529  060000  299.65000000000003
IN-GUEZZAM  26.719160000000002  8.617220000000001  542.0  2147483647  20240529  060000  301.35
IN-GUEZZAM  27.704100000000004  -8.1692  443.0  2147483647  20240529  060000  292.95
IN-GUEZZAM  24.288230000000002  9.46766  968.0  2147483647  20240529  060000  301.95
IN-GUEZZAM  22.825300000000002  5.4525500000000005  1377.0  2147483647  20240529  060000  295.35
IN-GUEZZAM  21.37609  0.93205  395.0  2147483647  20240529  060000  302.85
IN-GUEZZAM  19.56388  5.74887  401.0  2147483647  20240529  060000  304.95
DAX  43.68983  -1.07  31.0  0  20240529  060000  286.15000000000003
ALISTRO  42.63317000000001  8.92267  142.0  0  20240529  060000  291.95
ALISTRO  42.516670000000005  3.1350000000000002  82.0  0  20240529  060000  0.0
ALISTRO  42.25967000000001  9.541500000000001  65.0  0  20240529  060000  292.95
AVIGNON  43.91133000000001  4.902500000000001  34.0  0  20240529  060000  290.25
SOCOA  43.3945  -1.6865  21.0  0  20240529  060000  286.45
CHASSIRON  46.04683000000001  -1.4116700000000002  11.0  0  20240529  060000  288.85
BENI-ABBES  36.881780000000006  6.93503  2.0  2147483647  20240529  060000  292.75
BENI-ABBES  34.65361  3.2813800000000004  1180.0  2147483647  20240529  060000  291.65000000000003
BENI-ABBES  34.89186  0.15774000000000002  750.0  2147483647  20240529  060000  289.45
BENI-ABBES  33.54581  -0.23527  1123.2  2147483647  20240529  060000  293.35
BENI-ABBES  32.05138  -1.2652700000000001  830.0  2147483647  20240529  060000  297.35
BENI-ABBES  30.128460000000004  -2.1495300000000004  510.0  2147483647  20240529  060000  298.95
RHOURD NOUSS  36.77451000000001  3.0624300000000004  9.0  2147483647  20240529  060000  293.45
RHOURD NOUSS  36.456410000000005  7.47944  227.0  2147483647  20240529  060000  289.15000000000003
RHOURD NOUSS  35.710550000000005  -0.65305  28.0  2147483647  20240529  060000  293.05
RHOURD NOUSS  35.650980000000004  4.498130000000001  441.0  2147483647  20240529  060000  296.55
RHOURD NOUSS  35.333330000000004  4.2  459.0  2147483647  20240529  060000  295.75
RHOURD NOUSS  35.09807  -1.86335  20.0  2147483647  20240529  060000  293.55
RHOURD NOUSS  34.81143  -1.7824200000000001  427.0  2147483647  20240529  060000  290.55
RHOURD NOUSS  33.26108  -0.31744  1166.0  2147483647  20240529  060000  292.75
RHOURD NOUSS  29.735200000000003  6.7130600000000005  252.0  2147483647  20240529  060000  300.15000000000003
BENI-ABBES  36.881780000000006  6.93503  2.0  2147483647  20240529  060000  292.75
BENI-ABBES  34.65361  3.2813800000000004  1180.0  2147483647  20240529  060000  291.65000000000003
BENI-ABBES  34.89186  0.15774000000000002  750.0  2147483647  20240529  060000  289.45
BENI-ABBES  33.54581  -0.23527  1123.2  2147483647  20240529  060000  293.35
BENI-ABBES  32.05138  -1.2652700000000001  830.0  2147483647  20240529  060000  297.35
BENI-ABBES  30.128460000000004  -2.1495300000000004  510.0  2147483647  20240529  060000  298.95
RHOURD NOUSS  36.77451000000001  3.0624300000000004  9.0  2147483647  20240529  060000  293.45
RHOURD NOUSS  36.456410000000005  7.47944  227.0  2147483647  20240529  060000  289.15000000000003
RHOURD NOUSS  35.710550000000005  -0.65305  28.0  2147483647  20240529  060000  293.05
RHOURD NOUSS  35.650980000000004  4.498130000000001  441.0  2147483647  20240529  060000  296.55
RHOURD NOUSS  35.333330000000004  4.2  459.0  2147483647  20240529  060000  295.75
RHOURD NOUSS  35.09807  -1.86335  20.0  2147483647  20240529  060000  293.55
RHOURD NOUSS  34.81143  -1.7824200000000001  427.0  2147483647  20240529  060000  290.55
RHOURD NOUSS  33.26108  -0.31744  1166.0  2147483647  20240529  060000  292.75
RHOURD NOUSS  29.735200000000003  6.7130600000000005  252.0  2147483647  20240529  060000  300.15000000000003
BENI-ABBES  36.881780000000006  6.93503  2.0  2147483647  20240529  060000  292.75
BENI-ABBES  34.65361  3.2813800000000004  1180.0  2147483647  20240529  060000  291.65000000000003
BENI-ABBES  34.89186  0.15774000000000002  750.0  2147483647  20240529  060000  289.45
BENI-ABBES  33.54581  -0.23527  1123.2  2147483647  20240529  060000  293.35
BENI-ABBES  32.05138  -1.2652700000000001  830.0  2147483647  20240529  060000  297.35
BENI-ABBES  30.128460000000004  -2.1495300000000004  510.0  2147483647  20240529  060000  298.95
RHOURD NOUSS  36.77451000000001  3.0624300000000004  9.0  2147483647  20240529  060000  293.45
RHOURD NOUSS  36.456410000000005  7.47944  227.0  2147483647  20240529  060000  289.15000000000003
RHOURD NOUSS  35.710550000000005  -0.65305  28.0  2147483647  20240529  060000  293.05
RHOURD NOUSS  35.650980000000004  4.498130000000001  441.0  2147483647  20240529  060000  296.55
RHOURD NOUSS  35.333330000000004  4.2  459.0  2147483647  20240529  060000  295.75
RHOURD NOUSS  35.09807  -1.86335  20.0  2147483647  20240529  060000  293.55
RHOURD NOUSS  34.81143  -1.7824200000000001  427.0  2147483647  20240529  060000  290.55
RHOURD NOUSS  33.26108  -0.31744  1166.0  2147483647  20240529  060000  292.75
RHOURD NOUSS  29.735200000000003  6.7130600000000005  252.0  2147483647  20240529  060000  300.15000000000003
BENI-ABBES  36.881780000000006  6.93503  2.0  2147483647  20240529  060000  292.75
BENI-ABBES  34.65361  3.2813800000000004  1180.0  2147483647  20240529  060000  291.65000000000003
BENI-ABBES  34.89186  0.15774000000000002  750.0  2147483647  20240529  060000  289.45
BENI-ABBES  33.54581  -0.23527  1123.2  2147483647  20240529  060000  293.35
BENI-ABBES  32.05138  -1.2652700000000001  830.0  2147483647  20240529  060000  297.35
BENI-ABBES  30.128460000000004  -2.1495300000000004  510.0  2147483647  20240529  060000  298.95
RHOURD NOUSS  36.77451000000001  3.0624300000000004  9.0  2147483647  20240529  060000  293.45
RHOURD NOUSS  36.456410000000005  7.47944  227.0  2147483647  20240529  060000  289.15000000000003
RHOURD NOUSS  35.710550000000005  -0.65305  28.0  2147483647  20240529  060000  293.05
RHOURD NOUSS  35.650980000000004  4.498130000000001  441.0  2147483647  20240529  060000  296.55
RHOURD NOUSS  35.333330000000004  4.2  459.0  2147483647  20240529  060000  295.75
RHOURD NOUSS  35.09807  -1.86335  20.0  2147483647  20240529  060000  293.55
RHOURD NOUSS  34.81143  -1.7824200000000001  427.0  2147483647  20240529  060000  290.55
RHOURD NOUSS  33.26108  -0.31744  1166.0  2147483647  20240529  060000  292.75
RHOURD NOUSS  29.735200000000003  6.7130600000000005  252.0  2147483647  20240529  060000  300.15000000000003
AIN-SEFRA  36.72421000000001  4.018610000000001  153.0  2147483647  20240529  060000  290.25
AIN-SEFRA  35.866670000000006  7.13027  889.0  2147483647  20240529  060000  287.55
AIN-SEFRA  36.2975  7.922770000000001  860.0  2147483647  20240529  060000  289.25
AIN-SEFRA  36.305820000000004  2.2284  715.0  2147483647  20240529  060000  291.45
AIN-SEFRA  36.2811  2.7315500000000004  1030.0  2147483647  20240529  060000  292.85
AIN-SEFRA  36.06752  4.79452  955.0  2147483647  20240529  060000  290.55
AIN-SEFRA  35.816880000000005  -0.26837  3.0  2147483647  20240529  060000  293.15000000000003
AIN-SEFRA  35.911660000000005  0.11027  137.0  2147483647  20240529  060000  292.55
AIN-SEFRA  35.25222  2.29611  800.0  2147483647  20240529  060000  292.35
AIN-SEFRA  35.300990000000006  -1.39514  68.0  2147483647  20240529  060000  292.85
AIN-SEFRA  35.173880000000004  -0.5952700000000001  482.0  2147483647  20240529  060000  288.65000000000003
AIN-SEFRA  34.15444  0.06464  1000.0  2147483647  20240529  060000  -1e+100
AIN-SEFRA  32.75197  -0.59401  1076.0  2147483647  20240529  060000  294.05
AIN-SEFRA  36.72421000000001  4.018610000000001  153.0  2147483647  20240529  060000  290.25
AIN-SEFRA  35.866670000000006  7.13027  889.0  2147483647  20240529  060000  287.55
AIN-SEFRA  36.2975  7.922770000000001  860.0  2147483647  20240529  060000  289.25
AIN-SEFRA  36.305820000000004  2.2284  715.0  2147483647  20240529  060000  291.45
AIN-SEFRA  36.2811  2.7315500000000004  1030.0  2147483647  20240529  060000  292.85
AIN-SEFRA  36.06752  4.79452  955.0  2147483647  20240529  060000  290.55
AIN-SEFRA  35.816880000000005  -0.26837  3.0  2147483647  20240529  060000  293.15000000000003
AIN-SEFRA  35.911660000000005  0.11027  137.0  2147483647  20240529  060000  292.55
AIN-SEFRA  35.25222  2.29611  800.0  2147483647  20240529  060000  292.35
AIN-SEFRA  35.300990000000006  -1.39514  68.0  2147483647  20240529  060000  292.85
AIN-SEFRA  35.173880000000004  -0.5952700000000001  482.0  2147483647  20240529  060000  288.65000000000003
AIN-SEFRA  34.15444  0.06464  1000.0  2147483647  20240529  060000  -1e+100
AIN-SEFRA  32.75197  -0.59401  1076.0  2147483647  20240529  060000  294.05
AIN-SEFRA  36.72421000000001  4.018610000000001  153.0  2147483647  20240529  060000  290.25
AIN-SEFRA  35.866670000000006  7.13027  889.0  2147483647  20240529  060000  287.55
AIN-SEFRA  36.2975  7.922770000000001  860.0  2147483647  20240529  060000  289.25
AIN-SEFRA  36.305820000000004  2.2284  715.0  2147483647  20240529  060000  291.45
AIN-SEFRA  36.2811  2.7315500000000004  1030.0  2147483647  20240529  060000  292.85
AIN-SEFRA  36.06752  4.79452  955.0  2147483647  20240529  060000  290.55
AIN-SEFRA  35.816880000000005  -0.26837  3.0  2147483647  20240529  060000  293.15000000000003
AIN-SEFRA  35.911660000000005  0.11027  137.0  2147483647  20240529  060000  292.55
AIN-SEFRA  35.25222  2.29611  800.0  2147483647  20240529  060000  292.35
AIN-SEFRA  35.300990000000006  -1.39514  68.0  2147483647  20240529  060000  292.85
AIN-SEFRA  35.173880000000004  -0.5952700000000001  482.0  2147483647  20240529  060000  288.65000000000003
AIN-SEFRA  34.15444  0.06464  1000.0  2147483647  20240529  060000  -1e+100
AIN-SEFRA  32.75197  -0.59401  1076.0  2147483647  20240529  060000  294.05
AIN-SEFRA  36.72421000000001  4.018610000000001  153.0  2147483647  20240529  060000  290.25
AIN-SEFRA  35.866670000000006  7.13027  889.0  2147483647  20240529  060000  287.55
AIN-SEFRA  36.2975  7.922770000000001  860.0  2147483647  20240529  060000  289.25
AIN-SEFRA  36.305820000000004  2.2284  715.0  2147483647  20240529  060000  291.45
AIN-SEFRA  36.2811  2.7315500000000004  1030.0  2147483647  20240529  060000  292.85
AIN-SEFRA  36.06752  4.79452  955.0  2147483647  20240529  060000  290.55
AIN-SEFRA  35.816880000000005  -0.26837  3.0  2147483647  20240529  060000  293.15000000000003
AIN-SEFRA  35.911660000000005  0.11027  137.0  2147483647  20240529  060000  292.55
AIN-SEFRA  35.25222  2.29611  800.0  2147483647  20240529  060000  292.35
AIN-SEFRA  35.300990000000006  -1.39514  68.0  2147483647  20240529  060000  292.85
AIN-SEFRA  35.173880000000004  -0.5952700000000001  482.0  2147483647  20240529  060000  288.65000000000003
AIN-SEFRA  34.15444  0.06464  1000.0  2147483647  20240529  060000  -1e+100
AIN-SEFRA  32.75197  -0.59401  1076.0  2147483647  20240529  060000  294.05
AIN-SEFRA  36.72421000000001  4.018610000000001  153.0  2147483647  20240529  060000  290.25
AIN-SEFRA  35.866670000000006  7.13027  889.0  2147483647  20240529  060000  287.55
AIN-SEFRA  36.2975  7.922770000000001  860.0  2147483647  20240529  060000  289.25
AIN-SEFRA  36.305820000000004  2.2284  715.0  2147483647  20240529  060000  291.45
AIN-SEFRA  36.2811  2.7315500000000004  1030.0  2147483647  20240529  060000  292.85
AIN-SEFRA  36.06752  4.79452  955.0  2147483647  20240529  060000  290.55
AIN-SEFRA  35.816880000000005  -0.26837  3.0  2147483647  20240529  060000  293.15000000000003
AIN-SEFRA  35.911660000000005  0.11027  137.0  2147483647  20240529  060000  292.55
AIN-SEFRA  35.25222  2.29611  800.0  2147483647  20240529  060000  292.35
AIN-SEFRA  35.300990000000006  -1.39514  68.0  2147483647  20240529  060000  292.85
AIN-SEFRA  35.173880000000004  -0.5952700000000001  482.0  2147483647  20240529  060000  288.65000000000003
AIN-SEFRA  34.15444  0.06464  1000.0  2147483647  20240529  060000  -1e+100
AIN-SEFRA  32.75197  -0.59401  1076.0  2147483647  20240529  060000  294.05
AIN-SEFRA  36.72421000000001  4.018610000000001  153.0  2147483647  20240529  060000  290.25
AIN-SEFRA  35.866670000000006  7.13027  889.0  2147483647  20240529  060000  287.55
AIN-SEFRA  36.2975  7.922770000000001  860.0  2147483647  20240529  060000  289.25
AIN-SEFRA  36.305820000000004  2.2284  715.0  2147483647  20240529  060000  291.45
AIN-SEFRA  36.2811  2.7315500000000004  1030.0  2147483647  20240529  060000  292.85
AIN-SEFRA  36.06752  4.79452  955.0  2147483647  20240529  060000  290.55
AIN-SEFRA  35.816880000000005  -0.26837  3.0  2147483647  20240529  060000  293.15000000000003
AIN-SEFRA  35.911660000000005  0.11027  137.0  2147483647  20240529  060000  292.55
AIN-SEFRA  35.25222  2.29611  800.0  2147483647  20240529  060000  292.35
AIN-SEFRA  35.300990000000006  -1.39514  68.0  2147483647  20240529  060000  292.85
AIN-SEFRA  35.173880000000004  -0.5952700000000001  482.0  2147483647  20240529  060000  288.65000000000003
AIN-SEFRA  34.15444  0.06464  1000.0  2147483647  20240529  060000  -1e+100
AIN-SEFRA  32.75197  -0.59401  1076.0  2147483647  20240529  060000  294.05
RHOURD NOUSS  36.77451000000001  3.0624300000000004  9.0  2147483647  20240529  060000  293.45
RHOURD NOUSS  36.456410000000005  7.47944  227.0  2147483647  20240529  060000  289.15000000000003
RHOURD NOUSS  35.710550000000005  -0.65305  28.0  2147483647  20240529  060000  293.05
RHOURD NOUSS  35.650980000000004  4.498130000000001  441.0  2147483647  20240529  060000  296.55
RHOURD NOUSS  35.333330000000004  4.2  459.0  2147483647  20240529  060000  295.75
RHOURD NOUSS  35.09807  -1.86335  20.0  2147483647  20240529  060000  293.55
RHOURD NOUSS  34.81143  -1.7824200000000001  427.0  2147483647  20240529  060000  290.55
RHOURD NOUSS  33.26108  -0.31744  1166.0  2147483647  20240529  060000  292.75
RHOURD NOUSS  29.735200000000003  6.7130600000000005  252.0  2147483647  20240529  060000  300.15000000000003
LGHOUAT  36.754630000000006  8.07933  3.0  2147483647  20240529  060000  292.25
LGHOUAT  36.625870000000006  2.65673  2.0  2147483647  20240529  060000  293.95
LGHOUAT  36.896710000000006  3.9552700000000005  6.0  2147483647  20240529  060000  293.35
LGHOUAT  36.45821  7.708740000000001  110.0  2147483647  20240529  060000  -1e+100
LGHOUAT  36.40082  6.32685  670.0  2147483647  20240529  060000  290.75
LGHOUAT  36.51415  1.3071100000000002  17.0  2147483647  20240529  060000  292.15000000000003
LGHOUAT  36.284600000000005  3.6894600000000004  748.0  2147483647  20240529  060000  289.45
LGHOUAT  36.36997  3.8950700000000005  555.0  2147483647  20240529  060000  289.75
LGHOUAT  36.26511  1.9485200000000003  294.0  2147483647  20240529  060000  291.55
LGHOUAT  35.650980000000004  4.498130000000001  441.0  2147483647  20240529  060000  296.55
LGHOUAT  35.34787  5.339930000000001  460.0  2147483647  20240529  060000  296.85
LGHOUAT  35.46667  7.083330000000001  983.0  2147483647  20240529  060000  288.95
LGHOUAT  35.5375  -0.53152  111.0  2147483647  20240529  060000  293.25
LGHOUAT  35.753330000000005  0.62333  88.0  2147483647  20240529  060000  -1e+100
LGHOUAT  33.46  2.56  762.0  2147483647  20240529  060000  297.15000000000003
LGHOUAT  36.754630000000006  8.07933  3.0  2147483647  20240529  060000  292.25
LGHOUAT  36.625870000000006  2.65673  2.0  2147483647  20240529  060000  293.95
LGHOUAT  36.896710000000006  3.9552700000000005  6.0  2147483647  20240529  060000  293.35
LGHOUAT  36.45821  7.708740000000001  110.0  2147483647  20240529  060000  -1e+100
LGHOUAT  36.40082  6.32685  670.0  2147483647  20240529  060000  290.75
LGHOUAT  36.51415  1.3071100000000002  17.0  2147483647  20240529  060000  292.15000000000003
LGHOUAT  36.284600000000005  3.6894600000000004  748.0  2147483647  20240529  060000  289.45
LGHOUAT  36.36997  3.8950700000000005  555.0  2147483647  20240529  060000  289.75
LGHOUAT  36.26511  1.9485200000000003  294.0  2147483647  20240529  060000  291.55
LGHOUAT  35.650980000000004  4.498130000000001  441.0  2147483647  20240529  060000  296.55
LGHOUAT  35.34787  5.339930000000001  460.0  2147483647  20240529  060000  296.85
LGHOUAT  35.46667  7.083330000000001  983.0  2147483647  20240529  060000  288.95
LGHOUAT  35.5375  -0.53152  111.0  2147483647  20240529  060000  293.25
LGHOUAT  35.753330000000005  0.62333  88.0  2147483647  20240529  060000  -1e+100
LGHOUAT  33.46  2.56  762.0  2147483647  20240529  060000  297.15000000000003
LGHOUAT  36.754630000000006  8.07933  3.0  2147483647  20240529  060000  292.25
LGHOUAT  36.625870000000006  2.65673  2.0  2147483647  20240529  060000  293.95
LGHOUAT  36.896710000000006  3.9552700000000005  6.0  2147483647  20240529  060000  293.35
LGHOUAT  36.45821  7.708740000000001  110.0  2147483647  20240529  060000  -1e+100
LGHOUAT  36.40082  6.32685  670.0  2147483647  20240529  060000  290.75
LGHOUAT  36.51415  1.3071100000000002  17.0  2147483647  20240529  060000  292.15000000000003
LGHOUAT  36.284600000000005  3.6894600000000004  748.0  2147483647  20240529  060000  289.45
LGHOUAT  36.36997  3.8950700000000005  555.0  2147483647  20240529  060000  289.75
LGHOUAT  36.26511  1.9485200000000003  294.0  2147483647  20240529  060000  291.55
LGHOUAT  35.650980000000004  4.498130000000001  441.0  2147483647  20240529  060000  296.55
LGHOUAT  35.34787  5.339930000000001  460.0  2147483647  20240529  060000  296.85
LGHOUAT  35.46667  7.083330000000001  983.0  2147483647  20240529  060000  288.95
LGHOUAT  35.5375  -0.53152  111.0  2147483647  20240529  060000  293.25
LGHOUAT  35.753330000000005  0.62333  88.0  2147483647  20240529  060000  -1e+100
LGHOUAT  33.46  2.56  762.0  2147483647  20240529  060000  297.15000000000003
LGHOUAT  36.754630000000006  8.07933  3.0  2147483647  20240529  060000  292.25
LGHOUAT  36.625870000000006  2.65673  2.0  2147483647  20240529  060000  293.95
LGHOUAT  36.896710000000006  3.9552700000000005  6.0  2147483647  20240529  060000  293.35
LGHOUAT  36.45821  7.708740000000001  110.0  2147483647  20240529  060000  -1e+100
LGHOUAT  36.40082  6.32685  670.0  2147483647  20240529  060000  290.75
LGHOUAT  36.51415  1.3071100000000002  17.0  2147483647  20240529  060000  292.15000000000003
LGHOUAT  36.284600000000005  3.6894600000000004  748.0  2147483647  20240529  060000  289.45
LGHOUAT  36.36997  3.8950700000000005  555.0  2147483647  20240529  060000  289.75
LGHOUAT  36.26511  1.9485200000000003  294.0  2147483647  20240529  060000  291.55
LGHOUAT  35.650980000000004  4.498130000000001  441.0  2147483647  20240529  060000  296.55
LGHOUAT  35.34787  5.339930000000001  460.0  2147483647  20240529  060000  296.85
LGHOUAT  35.46667  7.083330000000001  983.0  2147483647  20240529  060000  288.95
LGHOUAT  35.5375  -0.53152  111.0  2147483647  20240529  060000  293.25
LGHOUAT  35.753330000000005  0.62333  88.0  2147483647  20240529  060000  -1e+100
LGHOUAT  33.46  2.56  762.0  2147483647  20240529  060000  297.15000000000003
LGHOUAT  36.754630000000006  8.07933  3.0  2147483647  20240529  060000  292.25
LGHOUAT  36.625870000000006  2.65673  2.0  2147483647  20240529  060000  293.95
LGHOUAT  36.896710000000006  3.9552700000000005  6.0  2147483647  20240529  060000  293.35
LGHOUAT  36.45821  7.708740000000001  110.0  2147483647  20240529  060000  -1e+100
LGHOUAT  36.40082  6.32685  670.0  2147483647  20240529  060000  290.75
LGHOUAT  36.51415  1.3071100000000002  17.0  2147483647  20240529  060000  292.15000000000003
LGHOUAT  36.284600000000005  3.6894600000000004  748.0  2147483647  20240529  060000  289.45
LGHOUAT  36.36997  3.8950700000000005  555.0  2147483647  20240529  060000  289.75
LGHOUAT  36.26511  1.9485200000000003  294.0  2147483647  20240529  060000  291.55
LGHOUAT  35.650980000000004  4.498130000000001  441.0  2147483647  20240529  060000  296.55
LGHOUAT  35.34787  5.339930000000001  460.0  2147483647  20240529  060000  296.85
LGHOUAT  35.46667  7.083330000000001  983.0  2147483647  20240529  060000  288.95
LGHOUAT  35.5375  -0.53152  111.0  2147483647  20240529  060000  293.25
LGHOUAT  35.753330000000005  0.62333  88.0  2147483647  20240529  060000  -1e+100
LGHOUAT  33.46  2.56  762.0  2147483647  20240529  060000  297.15000000000003
